440
10010001010001110011101110101000110001011110000011010100100000001111110000111000110100000001111101010001000110111100011111011000000000111000100101111010111011100110010111000011111010110010011100111110110111111101101001110101110101110000101111110010011101010101000101001110111011110110111101001101110101110000101110100011001100100101010011101110001101001010011010010110110001110111010000110111100101001010010100111000111111110101100100010100
4661
0 144 342
1 384
0 368 368
1 377
0 318 318
0 353 353
0 84 84
1 302
1 9
1 276
1 232
0 433 433
0 389 389
0 34 61
1 329
0 99 99
1 168
0 12 205
0 198 312
1 410
0 183 183
1 309
1 216
1 52
0 248 248
1 188
0 243 297
1 20
1 338
1 365
0 63 429
0 412 412
1 375
1 30
1 8
1 29
0 337 337
1 141
1 242
0 30 241
0 60 60
1 433
1 433
0 120 132
0 293 293
1 310
0 202 202
1 174
1 13
0 318 318
0 259 416
0 257 257
1 175
0 76 76
0 27 404
0 75 75
0 288 288
0 416 416
1 116
0 43 148
0 169 169
0 349 349
1 331
1 180
0 410 410
1 382
1 437
1 396
1 319
0 73 323
1 73
1 114
0 152 152
0 195 243
1 134
0 69 331
1 257
0 96 96
1 339
0 8 258
1 207
0 198 264
1 413
0 330 330
0 436 436
0 243 243
1 231
0 260 260
0 400 400
1 103
1 131
0 126 141
1 391
1 221
1 241
0 295 424
0 218 345
1 95
1 135
1 4
0 318 318
0 74 194
0 170 170
1 319
0 315 337
0 127 127
0 149 192
0 370 370
1 49
1 126
1 310
1 364
0 190 190
0 81 404
0 381 381
1 103
1 227
1 36
0 157 406
1 406
1 22
1 21
0 58 158
0 135 238
0 73 346
1 149
0 28 28
1 421
1 288
1 98
0 302 429
0 352 352
1 135
0 88 88
0 317 317
0 210 210
0 306 306
1 245
1 58
0 426 426
1 382
1 404
0 134 340
0 307 307
0 335 408
0 159 191
1 91
0 220 416
0 28 393
0 245 245
0 191 191
0 104 287
1 308
0 160 161
1 213
0 327 327
0 114 114
0 357 357
1 361
1 32
0 162 162
1 272
1 1
0 196 412
1 35
1 263
1 29
0 409 411
1 306
1 220
1 361
1 28
0 299 299
0 379 379
1 71
1 285
0 234 414
1 419
0 33 295
0 72 72
0 96 208
1 19
0 149 149
1 315
0 355 358
1 137
1 399
1 70
1 307
0 431 431
0 147 147
1 233
1 205
0 175 175
1 420
0 31 231
0 57 278
1 218
0 355 372
1 29
1 232
0 115 314
1 328
1 35
1 256
0 212 212
1 364
0 318 318
0 242 242
1 202
1 270
0 178 242
0 196 196
1 205
0 188 188
1 83
0 397 397
0 150 288
0 178 178
0 367 367
0 261 261
0 362 362
0 264 264
1 159
1 10
0 21 185
0 187 187
0 394 394
1 270
0 185 185
1 99
0 159 159
0 137 146
1 0
1 83
1 396
1 375
1 385
0 351 378
1 29
1 272
0 300 300
1 41
1 322
0 13 138
0 110 237
0 115 265
0 294 294
0 3 308
1 180
0 279 279
1 150
1 191
0 37 241
1 233
1 342
0 198 198
0 332 332
1 39
0 264 264
1 356
1 34
0 373 373
1 189
1 251
0 5 219
0 90 391
1 2
1 18
0 304 422
1 72
0 299 299
0 47 399
0 305 305
1 149
1 256
1 307
0 155 379
0 354 354
1 191
0 132 426
1 186
1 429
0 12 383
0 254 301
1 47
1 152
1 398
1 354
0 375 375
1 418
0 14 213
1 370
1 314
1 214
1 213
0 328 328
0 9 262
1 429
1 236
1 247
0 267 399
1 207
0 346 346
1 422
1 108
1 22
0 376 376
0 145 390
1 295
1 7
0 84 84
0 80 248
0 215 215
1 439
0 70 320
1 377
1 361
1 239
1 140
1 236
1 193
1 69
0 179 179
1 408
1 169
0 273 273
0 295 295
1 136
1 344
1 374
1 237
0 6 157
0 68 110
0 123 191
1 178
1 355
0 349 349
1 108
0 275 275
1 25
1 102
0 386 386
1 286
0 411 411
1 160
1 143
1 233
0 256 351
0 265 265
1 179
1 381
0 35 174
0 265 265
0 160 306
0 387 387
0 44 44
1 351
0 321 321
0 210 210
1 413
1 160
1 287
1 72
0 204 426
1 399
0 327 331
1 346
1 293
0 365 365
0 324 330
0 147 147
1 385
0 85 369
1 422
0 60 60
0 56 56
1 277
0 288 387
0 370 370
1 417
1 314
0 208 430
1 214
0 205 205
0 123 345
1 327
1 351
0 20 243
0 156 336
1 300
1 415
0 354 354
1 256
1 287
1 108
1 436
0 214 361
1 228
1 368
1 329
1 245
0 116 116
0 336 336
0 244 332
1 226
0 151 271
1 94
1 160
0 389 389
1 206
1 281
1 220
0 361 425
1 231
0 420 420
1 348
1 11
0 45 107
1 0
1 112
1 265
0 193 193
1 118
0 434 434
0 75 415
1 326
0 255 255
1 306
1 350
0 139 139
1 3
1 354
0 290 290
1 53
0 326 326
0 421 421
0 274 296
0 428 428
0 65 126
0 44 47
0 297 297
1 407
0 431 431
0 244 244
1 380
1 25
0 375 375
0 372 372
0 205 205
0 284 284
1 131
1 387
1 263
1 96
1 167
1 103
1 32
0 53 240
1 229
1 416
1 20
0 57 60
1 219
0 2 315
1 362
1 386
0 150 328
0 36 372
0 11 309
1 356
0 77 77
1 233
0 413 413
0 163 242
1 409
0 43 51
0 4 46
1 314
0 103 420
1 105
0 430 430
0 432 432
0 256 387
0 198 430
1 122
0 306 366
0 181 234
1 38
0 294 294
0 374 374
0 19 361
1 391
1 197
1 11
1 154
0 56 425
1 123
0 291 322
0 382 382
1 308
1 138
1 399
1 97
0 72 239
0 206 322
0 376 376
0 271 271
0 315 414
1 288
0 53 419
1 85
0 323 323
0 271 271
1 198
1 327
1 439
1 181
1 350
1 170
1 110
0 193 193
0 198 263
0 187 187
0 297 297
0 292 303
1 95
0 297 297
1 388
0 89 417
1 393
1 54
1 432
1 26
0 254 423
0 74 284
1 217
1 251
1 21
0 60 222
0 361 361
0 69 71
1 190
1 229
0 383 383
0 429 429
0 53 286
0 436 436
1 303
1 303
1 20
1 252
0 91 294
1 27
1 237
0 362 362
1 6
1 148
0 251 251
0 167 176
1 203
1 87
1 160
0 109 109
0 392 395
0 434 434
0 429 429
0 169 256
1 121
1 409
1 291
1 11
0 384 384
0 356 356
0 40 383
1 203
1 184
1 350
0 362 362
1 138
1 301
1 314
1 305
1 54
0 119 119
0 387 387
1 385
1 194
1 87
0 298 298
0 112 322
0 25 106
1 141
0 406 406
1 425
0 287 391
1 339
0 377 377
0 394 394
0 332 332
0 135 284
1 141
0 276 393
1 58
0 422 422
0 383 383
1 355
1 333
1 160
0 382 382
0 361 361
1 3
1 57
1 31
0 159 159
0 228 228
0 261 261
0 144 144
0 378 403
0 108 108
0 222 277
1 150
1 147
0 191 423
1 328
1 359
0 206 213
1 376
1 241
1 163
1 4
0 20 284
0 30 414
1 113
0 130 130
0 277 277
1 51
0 336 336
1 312
1 400
1 431
0 155 332
0 384 403
0 109 303
1 404
1 300
1 51
0 287 407
0 125 327
0 109 156
1 99
1 304
1 68
0 20 252
1 330
1 246
1 41
0 432 432
0 73 428
0 9 333
0 258 258
1 161
0 140 140
1 383
1 402
0 35 310
1 260
1 62
1 117
0 234 363
0 127 279
0 224 392
0 351 351
1 205
0 55 70
0 103 103
0 170 170
0 213 257
1 193
1 14
0 5 98
0 426 426
1 346
0 71 302
1 359
1 415
0 195 195
0 410 410
0 308 356
1 282
0 330 428
1 402
0 313 438
1 0
1 193
0 12 199
0 379 379
0 220 220
0 68 300
0 250 250
0 30 96
1 128
0 316 316
0 87 347
0 312 325
1 188
1 117
0 173 173
0 43 222
0 28 218
1 386
1 167
1 200
1 366
1 205
1 348
1 150
0 377 378
0 109 220
1 227
1 155
0 101 115
1 430
1 189
1 393
0 209 218
0 57 430
0 108 346
0 61 272
1 101
1 154
0 59 357
0 321 321
1 68
0 284 334
1 357
1 408
0 204 204
0 73 269
1 404
1 21
0 317 317
1 389
0 4 350
1 23
0 172 172
1 238
0 301 413
1 155
1 20
0 433 433
0 430 430
1 354
0 104 133
0 111 111
0 397 397
0 180 180
0 342 342
0 245 245
0 71 109
0 130 201
1 3
0 395 395
1 336
1 54
1 19
1 416
1 370
1 416
0 216 424
1 46
1 417
1 339
0 13 90
0 123 150
0 370 370
0 310 310
0 174 250
0 180 282
1 14
0 385 385
0 328 430
1 29
0 113 431
0 232 232
0 108 284
0 397 397
1 67
1 137
0 237 302
1 303
0 391 414
0 282 301
0 358 358
0 361 438
1 42
0 131 180
1 82
1 202
1 88
0 87 395
0 122 122
1 128
1 406
0 331 331
0 59 59
0 385 385
1 82
0 298 362
0 284 296
0 101 225
1 158
1 57
0 424 424
0 256 256
0 147 147
0 185 185
1 389
1 260
1 19
1 79
0 10 407
0 282 282
0 112 324
0 190 304
1 338
0 286 286
1 10
0 306 306
0 384 384
0 299 299
0 18 171
1 246
1 80
0 162 356
0 144 144
0 375 375
1 254
1 30
0 415 415
1 59
1 419
0 227 227
1 48
1 206
0 114 114
0 223 223
1 226
0 176 176
1 289
1 364
1 260
1 256
0 50 377
0 136 278
1 82
1 177
0 73 304
1 193
0 77 357
0 185 232
0 106 267
0 380 380
1 365
1 15
0 164 231
0 217 217
1 112
1 167
1 258
0 33 33
1 273
0 177 177
0 39 101
1 436
0 111 413
1 0
0 263 263
1 310
1 62
0 224 224
1 376
0 349 349
1 83
1 171
0 437 437
1 213
1 133
0 158 284
0 238 277
1 329
0 93 93
0 341 341
0 150 357
0 222 434
1 268
1 14
1 420
1 76
1 163
0 408 408
0 41 280
1 195
1 191
1 316
1 236
0 109 208
0 53 285
1 16
0 95 418
0 219 219
0 89 89
0 91 99
1 359
1 391
1 52
0 302 302
1 4
0 285 343
0 311 408
0 332 332
1 0
0 184 353
1 344
1 355
0 122 159
0 131 358
0 266 375
0 280 280
0 134 134
0 28 200
0 317 317
0 370 411
0 232 310
0 279 359
0 349 349
1 28
1 212
0 212 212
0 146 429
0 389 389
1 219
0 173 173
1 261
0 13 352
1 396
1 395
0 101 173
0 94 367
1 259
0 358 358
0 355 383
1 298
0 396 433
0 60 271
0 110 277
1 394
0 350 365
1 335
0 57 65
1 404
1 230
0 77 200
1 327
0 39 39
1 419
0 369 369
1 108
1 130
0 90 416
0 223 223
1 367
1 404
0 171 355
0 84 293
1 90
1 296
1 312
1 116
0 68 353
0 259 413
0 24 287
0 32 291
0 50 58
1 253
0 90 402
0 370 370
1 234
1 241
0 284 284
0 21 373
0 424 424
1 18
0 385 385
0 193 398
0 317 317
1 280
1 256
0 265 265
0 184 184
1 422
1 75
0 260 260
1 120
1 409
1 27
1 364
0 425 425
0 311 311
1 280
1 231
0 376 376
1 314
1 139
1 88
1 228
1 160
0 172 326
1 53
1 39
0 361 361
1 104
1 408
0 268 321
0 293 293
1 207
0 130 130
0 435 435
1 407
1 279
1 265
1 283
1 131
1 191
1 344
0 302 302
1 105
1 198
0 355 439
0 398 398
1 120
1 49
0 80 277
0 104 389
0 242 384
0 325 325
0 91 271
0 390 390
1 147
0 40 420
1 76
0 229 412
1 10
0 184 418
0 356 356
0 272 272
1 382
1 299
1 284
1 87
0 71 292
0 315 352
0 398 398
1 45
1 417
1 178
1 48
1 400
0 60 60
1 189
0 66 104
0 207 418
1 368
0 74 74
0 65 415
0 124 387
1 137
0 190 190
1 340
0 289 347
1 60
0 159 376
0 22 274
0 415 415
0 35 194
0 4 201
1 301
1 213
0 294 371
1 210
1 334
0 426 426
1 191
0 399 399
1 333
0 333 333
0 82 82
0 35 44
1 55
1 392
0 248 248
0 42 211
1 17
1 284
0 103 191
1 73
1 255
1 111
1 370
1 305
1 39
0 24 195
1 427
0 259 259
1 233
0 6 402
1 21
1 412
1 62
0 312 312
0 339 424
1 328
0 223 356
1 254
1 267
0 45 397
1 156
1 361
0 432 432
0 398 398
0 401 401
1 48
0 309 309
0 407 407
0 207 207
1 17
0 86 138
1 419
0 366 366
1 310
0 285 285
1 290
1 345
1 48
1 48
0 422 422
1 340
1 12
0 361 361
0 237 237
0 99 99
0 183 183
1 390
1 390
1 433
0 69 277
0 134 134
0 394 394
1 314
1 250
0 18 18
0 319 319
0 279 279
1 382
0 86 193
1 142
0 101 265
1 364
0 86 292
1 301
0 5 242
0 156 234
1 45
0 278 417
0 183 413
0 244 244
0 81 286
1 30
0 4 64
0 219 313
1 387
0 378 378
0 376 376
1 356
0 138 273
0 391 391
0 319 321
0 72 132
1 399
0 229 397
0 336 336
1 33
1 275
0 327 327
0 208 332
0 74 296
1 348
0 418 418
0 47 227
0 439 439
1 85
0 283 283
1 240
0 131 318
0 380 380
1 158
0 323 323
1 106
0 359 359
0 226 226
0 235 367
0 35 130
0 94 94
0 375 375
0 404 404
0 97 97
0 406 406
0 24 65
1 285
1 287
0 157 254
1 224
0 348 348
1 94
0 436 436
1 269
0 0 39
1 229
0 160 265
1 333
1 416
1 272
1 390
1 69
0 102 308
1 106
1 170
1 295
0 119 119
1 383
0 48 281
1 205
1 267
0 43 403
1 2
0 358 358
0 36 320
1 292
1 279
0 52 52
0 407 407
1 284
1 60
1 64
1 17
0 112 135
0 325 325
0 359 359
1 55
0 352 352
0 245 245
0 372 372
0 408 408
0 352 352
0 317 353
1 341
0 266 317
0 406 406
0 35 70
0 143 285
0 374 374
1 332
1 282
0 122 122
1 31
1 176
0 141 161
0 169 169
0 77 230
0 134 341
1 216
0 240 426
1 293
1 394
0 287 287
1 1
1 112
1 287
0 315 315
1 225
1 49
0 76 327
1 296
1 229
1 134
1 265
0 227 227
0 293 350
0 365 370
1 126
0 226 226
1 179
0 95 428
1 154
1 193
0 153 153
0 227 227
1 380
0 158 241
0 303 303
0 194 224
1 82
1 312
1 210
0 327 327
0 212 214
0 282 282
0 337 337
0 121 309
1 302
0 278 403
0 378 378
0 235 356
1 145
0 208 208
0 328 328
1 44
0 197 379
1 116
1 327
0 412 412
0 397 397
1 101
1 341
1 176
0 64 123
1 254
0 396 396
0 121 141
1 69
0 25 147
0 315 315
0 402 402
1 408
1 57
1 292
0 72 276
1 373
0 61 133
1 281
1 265
0 336 336
0 21 414
0 268 268
0 288 378
1 232
1 217
1 306
0 321 321
1 51
1 265
0 216 359
1 152
0 414 414
1 260
0 363 363
1 77
1 345
0 7 288
0 82 404
0 198 198
0 133 349
1 111
0 427 427
1 280
0 156 233
1 378
1 17
0 156 156
0 77 137
0 313 313
0 348 348
0 157 343
1 165
1 109
0 283 283
1 421
1 210
1 154
0 380 380
1 92
1 262
0 117 117
0 89 185
0 350 350
1 158
1 292
1 72
0 418 434
0 137 273
1 189
1 121
1 230
0 353 383
1 196
1 140
1 277
1 375
1 367
0 108 108
0 350 420
0 340 362
1 207
0 151 349
0 129 129
0 334 389
1 233
0 416 416
0 277 277
0 102 176
0 285 285
0 90 383
1 153
0 86 99
0 189 189
1 345
0 338 383
0 0 60
1 227
1 33
1 79
1 12
1 114
1 138
1 256
0 366 366
1 200
0 437 437
1 86
1 65
0 171 171
1 7
1 336
0 32 394
0 50 331
0 149 266
0 402 402
0 11 173
1 104
1 371
1 380
1 199
1 378
0 331 331
1 99
0 238 238
0 404 404
0 303 303
0 263 309
1 2
0 288 288
0 423 423
1 405
0 65 241
0 317 317
0 420 439
1 257
1 422
1 317
0 426 426
0 104 114
0 47 378
0 29 232
1 422
1 407
1 62
1 116
1 194
0 300 300
0 55 416
1 395
1 366
1 431
0 152 152
1 327
0 67 165
0 213 383
0 49 351
1 258
0 64 313
0 125 197
0 143 143
1 298
0 311 311
1 60
1 88
0 33 412
0 151 155
0 328 368
0 326 326
0 370 370
1 404
0 372 372
1 53
1 329
1 337
0 201 332
1 38
1 59
0 183 317
1 35
0 18 132
1 165
0 403 403
1 12
1 410
0 299 299
1 182
1 35
1 54
0 202 202
0 343 343
1 362
1 300
1 13
1 90
0 309 393
0 225 225
1 408
1 260
0 198 198
1 365
0 181 322
0 16 335
0 350 350
0 428 428
1 35
1 220
0 176 176
1 265
1 182
1 33
1 109
0 235 235
1 60
0 28 291
0 309 334
0 1 84
0 30 439
0 306 306
1 8
0 57 294
1 434
1 301
1 351
1 296
1 262
1 406
0 14 377
1 371
0 290 290
0 290 290
1 340
1 18
0 335 424
1 199
0 345 345
1 90
1 209
0 102 229
0 371 371
1 149
1 392
1 175
1 420
0 111 389
1 114
1 191
1 43
0 59 130
1 56
1 362
0 251 251
0 34 317
1 10
1 38
1 221
0 66 66
1 175
1 27
1 225
1 364
1 149
0 20 146
1 102
0 127 127
1 60
1 86
0 382 382
0 20 317
0 41 244
0 367 433
1 107
1 99
1 128
1 192
0 41 278
0 245 245
0 311 311
0 291 416
1 109
1 37
1 399
1 364
1 153
0 314 314
1 321
0 130 282
1 225
0 242 242
0 23 420
0 357 357
1 243
1 75
0 82 386
0 112 283
1 66
1 374
1 305
1 343
1 195
0 372 372
0 279 279
0 331 331
1 69
0 87 328
0 123 354
1 298
0 331 331
0 230 283
0 98 230
0 215 217
0 133 133
0 432 432
0 52 52
1 401
0 331 345
0 54 71
0 275 293
0 349 349
0 265 265
1 131
0 296 296
1 262
1 382
0 309 309
1 252
1 239
0 232 274
0 45 203
0 36 302
1 187
1 288
0 386 386
1 322
1 195
1 220
0 396 396
0 3 294
0 135 254
0 47 388
0 120 412
0 317 317
0 327 369
1 108
1 297
1 260
0 32 351
0 406 434
0 140 356
1 188
1 280
1 102
1 58
1 5
1 376
0 298 298
0 196 427
1 85
1 131
0 375 375
0 31 138
0 151 151
1 52
1 420
1 163
1 249
1 42
1 244
0 100 100
0 256 405
0 387 387
0 323 323
0 227 227
0 48 55
1 317
0 95 250
0 286 437
1 288
0 14 192
0 7 158
1 367
1 163
0 166 282
1 129
0 171 171
1 426
1 58
1 14
0 162 162
0 388 388
0 333 333
1 71
1 68
0 326 326
0 406 406
1 185
1 220
0 261 371
0 319 349
1 377
0 366 366
1 262
1 32
1 383
1 224
1 263
0 263 263
0 379 379
1 28
1 412
0 387 421
1 348
1 371
1 346
0 171 171
1 372
0 137 137
1 390
0 414 414
1 102
1 427
1 93
0 23 194
1 17
0 98 409
1 77
0 429 429
1 152
1 281
1 74
1 253
0 285 285
1 217
0 225 225
0 279 279
0 97 99
1 403
1 389
1 328
0 384 384
0 333 356
0 234 371
0 10 80
0 126 163
0 166 260
0 108 333
0 145 253
0 388 388
0 224 224
0 405 405
0 182 257
0 49 56
0 252 252
0 269 269
0 299 355
0 138 196
1 132
1 6
0 102 158
1 310
0 115 345
0 239 239
1 22
0 212 212
0 161 161
1 114
0 268 268
0 307 307
0 321 321
1 50
1 424
1 221
1 149
1 253
1 238
1 48
1 242
1 225
0 250 310
1 313
1 153
1 303
0 202 409
1 167
1 178
0 313 313
0 69 157
0 136 305
1 279
0 295 295
0 399 399
1 433
0 345 424
0 286 286
1 4
1 387
0 343 343
1 331
0 181 289
0 303 303
0 106 335
0 74 74
1 86
0 103 103
1 2
0 193 193
0 138 138
0 184 184
0 91 428
0 228 286
1 407
1 36
1 167
0 290 290
0 166 391
0 251 299
1 244
1 379
0 383 383
0 104 145
0 261 261
1 61
1 6
0 409 409
1 63
1 351
1 396
0 320 320
0 259 372
1 167
0 310 310
0 96 201
1 388
0 109 153
0 350 350
0 65 93
0 261 261
1 391
1 300
0 353 389
0 151 151
1 267
1 364
1 168
0 101 223
1 229
1 285
1 391
1 8
0 216 369
1 119
1 9
0 428 428
1 386
0 439 439
0 8 360
0 49 61
0 24 86
0 187 187
1 120
0 68 68
1 165
0 252 252
1 86
0 242 242
0 288 323
1 56
0 302 302
1 327
1 366
1 352
1 295
1 203
0 0 259
0 399 399
0 90 113
1 270
0 399 399
1 175
1 210
0 225 225
1 404
1 195
0 337 337
1 35
0 334 423
1 194
1 5
1 409
0 4 176
0 302 315
0 169 320
1 173
1 171
1 319
0 244 244
1 264
0 43 381
0 390 390
1 243
1 177
0 413 413
0 97 437
0 390 390
1 354
0 380 380
1 135
1 317
1 192
0 141 141
1 102
1 100
0 385 385
1 58
0 357 357
0 188 284
1 17
0 326 326
1 359
1 429
1 185
1 342
0 63 264
0 242 242
0 103 218
0 333 333
0 281 281
0 244 244
0 416 426
1 196
0 195 195
1 197
0 401 401
0 358 358
0 214 270
0 143 375
0 96 407
1 387
0 112 247
0 120 274
1 59
0 41 41
0 344 344
0 209 209
1 222
0 287 287
1 205
0 151 253
1 119
0 334 403
0 313 313
0 201 201
1 354
1 366
1 69
0 49 141
1 295
0 91 91
1 274
1 391
0 59 167
1 390
1 123
0 48 152
1 38
1 395
1 169
0 59 279
1 352
1 28
1 398
1 3
0 117 136
0 420 433
1 120
1 365
0 383 383
0 381 381
0 327 375
1 199
1 351
1 374
0 418 418
1 361
1 350
0 9 28
0 381 381
0 117 349
0 21 233
0 384 391
0 404 404
0 242 242
0 395 395
1 224
0 57 342
0 355 373
0 419 419
0 0 123
0 384 384
0 73 433
0 358 358
1 146
1 247
1 271
1 182
1 64
1 70
0 327 327
1 39
1 19
1 266
0 11 54
0 117 401
1 95
1 252
0 210 291
0 106 320
0 149 265
1 379
0 210 232
0 280 280
1 77
0 313 313
0 25 228
0 169 303
1 20
0 140 422
0 373 373
1 91
0 9 252
0 371 371
1 27
0 319 319
1 327
0 303 303
0 182 389
0 205 349
1 423
1 268
1 229
1 247
0 247 325
1 102
0 318 318
1 184
1 82
1 225
0 69 269
0 260 260
0 208 208
1 322
0 146 412
1 266
0 214 325
1 301
1 383
0 221 401
0 152 152
1 42
1 30
0 248 248
0 109 109
0 350 350
0 40 207
0 256 422
0 111 219
0 276 276
0 83 336
0 91 91
1 312
0 75 219
0 251 251
0 94 102
1 250
0 34 86
0 409 425
1 147
1 356
1 130
0 89 311
0 342 342
1 249
0 223 223
0 83 163
1 213
1 262
1 158
1 235
0 386 386
0 124 216
0 271 271
0 427 427
1 203
0 246 246
0 296 323
0 350 427
1 9
0 350 401
0 131 320
0 228 228
0 244 244
0 332 332
1 396
0 305 305
1 218
1 109
0 164 361
1 237
1 369
1 199
0 288 288
1 437
0 301 301
1 94
1 319
0 5 301
1 257
1 340
0 226 226
0 368 368
0 191 306
1 125
0 177 344
0 89 89
0 313 313
1 147
1 184
0 302 416
1 402
0 80 398
0 293 385
1 204
1 234
0 157 157
1 123
0 212 231
0 409 409
0 42 59
1 314
1 15
0 5 5
1 34
0 193 370
1 380
1 138
1 108
1 38
1 426
1 430
0 105 264
1 331
1 406
0 9 429
1 254
1 37
0 276 435
0 373 373
0 227 431
0 146 208
0 357 357
0 355 355
0 54 80
0 207 379
0 274 274
1 77
1 55
0 167 363
0 130 275
1 47
0 347 347
0 230 240
0 143 273
1 31
0 334 334
1 435
0 312 312
0 434 434
0 168 168
0 226 341
1 354
1 114
0 249 393
0 270 270
1 16
1 219
1 15
0 152 324
0 429 429
0 163 261
0 119 323
0 206 206
0 412 412
1 249
0 426 426
1 334
0 382 382
1 46
1 108
0 224 321
0 147 356
1 302
0 12 175
1 158
1 125
0 264 264
1 259
0 142 142
1 113
1 70
0 293 293
0 137 413
1 278
1 345
0 374 374
0 104 104
0 35 278
1 305
0 398 398
1 17
1 401
0 365 397
1 391
0 48 55
0 427 427
1 320
0 281 309
0 176 323
1 150
1 110
0 331 360
0 181 181
1 91
0 280 280
1 110
1 278
0 4 230
0 359 359
1 400
1 121
1 345
0 417 417
0 231 231
1 379
0 425 425
0 365 396
0 394 420
0 381 381
0 101 271
1 140
0 414 414
0 243 243
0 263 272
1 57
0 103 126
1 142
0 251 251
0 275 333
0 16 143
1 377
0 184 223
1 351
1 81
0 84 98
1 149
0 386 434
0 434 434
1 175
1 222
1 61
0 75 439
1 192
1 251
0 25 431
1 330
1 272
1 50
1 69
1 231
0 349 378
1 147
0 381 385
0 214 266
0 162 325
0 305 347
1 362
0 114 114
0 26 260
0 62 403
0 414 414
1 360
1 236
0 293 293
1 242
1 91
1 35
1 335
0 190 377
0 191 191
1 157
1 398
0 243 256
0 72 148
0 196 231
1 327
0 88 370
0 323 323
1 424
1 427
0 179 179
1 26
1 125
1 413
0 22 206
1 394
1 30
1 274
1 373
1 188
0 411 411
1 260
0 112 437
1 235
1 152
0 8 344
0 283 283
0 419 419
1 222
1 364
0 295 429
1 19
1 283
1 78
1 197
0 267 267
0 177 177
0 362 362
0 404 404
1 161
0 372 372
1 204
1 256
1 300
0 349 400
0 268 268
1 436
0 427 427
1 178
1 346
1 121
1 3
0 327 353
1 367
1 218
0 322 322
1 85
0 197 288
0 318 318
1 29
1 350
0 60 382
0 117 161
0 213 425
0 70 233
1 194
1 426
0 185 199
1 258
1 381
0 209 319
1 298
0 32 166
1 193
0 179 179
1 394
1 45
1 276
0 386 386
1 242
1 121
0 109 216
1 10
1 408
0 138 165
1 130
1 86
0 335 335
0 238 238
0 308 315
0 226 226
0 33 309
1 170
0 307 307
1 190
0 274 399
0 348 348
0 315 401
0 424 424
1 281
0 63 427
1 341
0 170 170
0 6 356
0 61 327
0 137 369
0 392 392
0 126 230
1 42
0 326 326
1 282
0 386 409
0 12 179
0 349 349
0 69 105
0 42 415
1 386
1 378
0 264 264
1 237
0 21 430
0 395 395
1 191
0 207 207
0 206 416
0 50 62
1 405
1 193
0 215 215
0 389 389
0 351 351
0 186 186
0 395 395
1 379
0 203 203
0 420 420
1 46
0 9 105
1 250
0 125 172
0 222 390
1 154
0 220 394
0 148 174
0 98 335
1 342
1 71
1 373
0 251 251
1 270
1 175
0 229 395
0 406 406
1 312
0 386 386
1 148
1 236
0 217 395
1 341
0 362 363
1 350
1 216
0 197 197
1 432
0 342 409
0 226 320
1 416
0 257 257
1 252
0 10 298
1 222
1 419
1 433
0 370 420
0 200 248
0 191 191
1 399
1 405
1 146
0 181 181
0 377 377
1 105
1 333
0 48 139
1 282
1 27
1 176
1 190
0 102 144
1 419
1 99
1 272
1 109
0 183 223
1 312
0 127 127
0 197 284
1 105
0 249 393
0 379 379
0 400 400
0 284 284
1 400
0 412 412
1 115
1 260
0 243 375
1 132
1 416
1 352
1 106
0 81 103
1 173
1 60
0 111 121
0 137 433
0 231 231
1 28
1 79
0 347 347
0 51 54
1 223
1 35
0 12 398
0 324 324
0 35 370
0 394 394
1 83
1 232
0 194 194
1 151
0 296 296
0 173 173
0 318 318
0 198 239
0 267 400
1 23
1 255
1 222
1 413
0 347 358
0 427 427
1 142
0 276 276
0 167 379
0 439 439
1 215
0 390 390
1 137
0 143 143
0 329 329
0 375 375
1 330
0 246 246
1 49
0 144 235
0 126 314
0 277 277
1 308
1 415
1 340
1 215
1 136
0 387 404
1 211
0 55 329
0 239 239
1 321
1 275
0 274 274
0 336 336
1 67
0 217 306
0 241 241
1 55
0 394 394
1 300
1 102
1 304
1 166
0 284 284
0 373 373
1 35
0 31 332
0 142 142
1 239
1 424
0 9 344
1 339
0 50 50
0 72 72
0 411 411
1 3
0 25 342
1 350
0 331 331
0 262 262
1 304
0 334 334
1 217
1 78
1 432
1 108
1 372
0 229 229
0 0 273
1 223
0 204 204
1 433
0 331 331
0 5 319
0 5 238
1 96
1 236
0 26 151
0 34 353
0 313 313
1 215
1 12
0 404 404
1 24
0 430 430
0 420 437
1 355
0 69 209
0 250 250
1 400
1 175
1 327
1 255
1 175
1 57
1 421
0 386 386
1 283
1 20
0 138 243
0 168 224
0 148 243
1 223
1 387
0 291 291
0 81 81
0 428 428
0 139 140
0 6 349
1 400
1 158
0 41 351
0 408 408
0 159 159
0 292 292
1 187
0 23 398
1 224
1 16
1 354
1 295
1 126
0 414 414
1 407
0 425 425
0 65 170
0 98 346
1 433
1 83
1 418
0 39 291
1 256
1 195
1 219
0 194 194
1 221
0 125 245
0 2 278
1 29
0 217 397
0 321 321
1 49
1 67
1 289
1 335
1 57
1 206
0 149 149
0 26 164
0 81 146
0 115 314
1 122
0 77 77
1 360
1 321
0 370 370
0 124 124
1 110
0 1 346
0 49 114
1 177
0 331 331
0 15 37
0 336 336
1 43
1 269
0 204 204
0 49 165
1 200
1 196
1 226
0 101 140
0 296 425
0 387 387
1 431
0 120 120
1 404
0 28 49
1 31
1 139
1 412
1 303
0 40 40
0 412 412
0 303 303
1 323
1 315
1 326
1 211
0 304 304
0 11 191
0 187 206
1 187
1 83
1 41
0 143 424
1 140
0 421 431
0 105 256
0 187 326
1 381
1 321
0 257 257
0 85 163
0 160 347
1 182
0 121 181
0 411 411
1 226
1 275
1 166
0 409 409
0 354 409
0 52 52
0 392 392
1 365
1 21
1 29
1 133
0 215 215
0 364 364
1 374
0 104 276
1 437
1 396
0 109 152
1 128
1 279
0 79 108
0 46 232
1 174
1 143
0 353 353
0 114 361
0 8 212
1 273
1 213
1 323
0 320 320
0 169 169
0 212 235
0 350 350
1 47
0 77 150
0 439 439
0 181 181
0 312 382
1 330
1 172
0 127 386
1 22
1 392
0 59 384
1 354
0 130 437
1 375
1 113
0 186 186
0 148 148
1 38
0 221 415
1 298
1 281
1 214
1 275
1 197
1 285
0 348 348
1 166
1 166
0 360 360
1 46
1 8
0 176 176
0 52 217
0 311 311
0 233 233
1 383
1 310
1 48
0 88 406
0 213 213
0 395 395
1 326
0 175 175
1 134
0 16 178
1 254
0 352 352
0 435 435
1 392
1 334
1 336
1 173
1 244
0 109 140
0 210 318
0 110 367
0 279 279
1 78
1 372
1 377
1 338
1 283
0 35 52
1 261
1 77
0 375 375
1 419
0 133 396
1 43
1 386
1 364
1 377
0 176 324
0 143 260
0 143 429
1 338
0 257 257
1 110
1 334
1 146
1 164
0 376 376
0 382 382
1 100
0 246 246
1 208
0 224 264
0 17 128
0 55 237
1 7
0 337 337
1 139
1 271
0 344 344
0 224 224
1 435
1 186
1 185
0 222 260
0 346 346
0 172 362
0 227 227
1 286
0 230 230
0 274 274
1 199
0 102 406
0 326 326
0 83 289
0 326 416
0 284 360
1 356
0 204 343
1 176
0 133 340
1 48
1 294
1 105
0 110 342
0 80 284
1 304
1 240
0 422 422
0 167 356
1 349
1 124
1 128
0 285 285
1 330
1 122
0 389 389
0 114 298
0 317 317
1 173
0 252 368
0 61 369
0 206 212
0 130 299
0 105 105
1 120
1 59
0 402 402
1 238
1 194
1 93
0 94 345
0 337 337
0 155 311
1 241
0 116 175
0 344 344
1 120
0 205 205
0 124 124
0 52 194
1 398
0 436 436
1 173
0 130 130
0 231 231
0 111 144
1 128
0 195 195
1 116
0 412 412
1 38
0 377 377
0 41 430
1 133
1 116
0 33 33
0 129 281
0 380 380
0 157 368
1 156
0 182 182
0 341 409
0 320 320
1 2
1 112
1 432
1 309
0 97 155
1 48
1 62
0 194 194
0 54 337
1 180
0 185 435
1 424
0 252 252
0 376 376
1 300
0 26 159
1 389
1 89
0 249 249
0 33 33
1 124
1 217
1 378
0 349 349
0 421 421
0 390 390
0 381 381
0 27 410
1 419
0 283 298
0 368 368
0 332 332
1 397
0 217 358
1 99
0 257 257
0 291 292
1 48
0 239 239
0 242 242
0 24 153
0 399 399
0 64 224
1 270
1 100
1 200
1 193
1 432
0 57 261
0 199 199
0 192 279
0 88 293
0 79 206
0 131 199
0 128 431
1 89
0 327 327
0 80 353
1 24
1 228
1 176
0 133 321
1 384
0 13 52
1 251
0 316 316
1 394
1 121
0 194 194
0 22 41
1 279
1 162
1 38
1 121
0 389 389
1 75
0 256 256
0 341 341
1 228
1 25
0 427 427
1 386
1 215
1 311
0 159 182
0 98 98
0 248 381
1 297
1 330
0 351 372
0 428 428
1 125
0 27 50
0 12 287
1 100
0 399 399
1 54
0 140 219
1 332
0 206 206
1 134
0 313 313
0 392 392
0 17 63
1 62
1 127
0 273 273
1 226
1 252
0 116 182
0 56 57
1 116
0 224 296
1 301
0 85 232
0 379 379
0 178 232
1 303
1 102
1 90
0 102 222
1 335
1 106
1 331
0 279 279
1 306
1 73
1 82
1 60
1 253
1 117
0 270 393
1 37
0 321 321
1 9
1 398
1 393
0 341 341
1 333
1 79
1 208
1 108
1 376
0 33 82
0 226 226
1 377
0 380 380
1 399
1 330
0 319 319
0 413 413
1 340
1 153
1 371
1 397
0 311 311
0 161 161
1 225
0 313 313
0 82 313
1 416
0 306 306
0 156 214
0 174 174
1 298
0 245 298
1 123
0 421 421
0 222 344
0 139 139
1 293
0 238 272
0 438 438
1 375
1 53
0 266 376
0 239 409
0 66 99
0 178 352
1 79
0 247 385
1 79
0 182 182
0 320 320
0 104 164
1 303
0 319 319
0 360 360
1 5
0 162 238
0 25 215
1 43
0 267 267
1 37
1 340
0 319 319
1 192
0 406 406
1 345
1 215
0 327 327
1 103
0 212 212
1 120
0 330 398
0 36 158
1 398
0 87 432
0 5 160
0 264 379
1 64
0 178 178
0 124 403
1 311
1 128
1 32
0 388 388
0 349 417
0 84 84
1 207
1 33
1 87
0 159 427
1 233
1 156
1 132
1 366
0 380 380
0 81 367
0 88 168
0 12 49
0 5 270
0 340 340
1 283
1 383
0 327 327
1 59
0 350 365
0 422 422
0 431 431
0 305 305
0 432 432
0 166 206
0 414 420
1 392
1 316
1 154
0 189 258
0 39 248
1 352
0 11 219
0 61 280
1 14
1 71
0 416 416
1 70
1 208
0 35 166
1 202
1 323
0 206 225
0 72 186
1 266
0 414 414
0 418 418
1 93
0 64 271
1 184
0 81 369
0 106 174
1 229
0 90 306
0 186 382
1 414
0 132 374
0 349 349
1 351
1 357
1 123
1 79
0 91 91
0 36 387
1 134
0 161 256
0 256 378
0 130 152
1 14
0 258 357
1 144
0 243 243
0 123 180
1 306
1 241
1 420
1 355
1 435
1 95
1 295
1 139
0 365 365
0 48 340
0 182 182
0 342 342
0 49 386
0 176 199
1 119
0 282 282
1 320
0 149 233
1 326
0 208 362
1 306
0 426 426
1 45
1 349
0 161 378
0 348 416
0 223 338
1 433
1 151
0 36 243
1 87
0 363 363
1 379
0 321 321
1 387
1 203
1 165
0 115 121
1 160
1 67
0 338 338
0 164 164
0 385 385
0 79 150
0 426 426
0 352 352
0 87 247
1 351
0 101 371
0 402 402
0 29 224
0 64 122
0 78 326
0 55 389
1 179
1 6
1 24
1 190
0 274 274
0 134 134
1 439
0 357 357
0 439 439
1 129
1 302
1 380
0 138 223
0 238 238
0 389 422
1 127
1 129
0 12 141
1 58
0 81 410
1 105
1 43
0 181 181
0 179 239
0 334 334
1 36
0 221 323
1 298
1 284
1 54
0 126 176
1 265
0 308 308
0 352 352
1 264
1 195
0 145 432
0 374 374
0 370 370
1 61
1 165
0 99 282
0 412 412
1 397
0 27 167
1 251
1 235
0 332 332
0 103 417
0 246 313
1 323
1 22
0 294 294
0 331 331
1 82
0 148 333
0 281 317
0 386 386
0 388 388
0 423 423
1 314
0 339 339
1 214
1 103
1 389
0 350 350
0 140 140
0 254 254
0 347 420
1 370
0 73 73
1 45
1 47
1 44
1 124
0 275 275
0 321 321
0 188 324
1 294
1 284
0 25 122
0 307 368
0 296 296
0 389 389
0 131 273
1 55
1 121
0 45 273
1 373
0 317 317
1 239
0 321 321
1 44
0 277 362
1 150
0 150 361
0 311 311
1 85
0 108 413
0 182 226
1 338
0 322 322
0 76 419
1 262
0 74 247
1 0
1 72
0 349 349
0 373 373
0 27 100
1 19
1 367
0 409 409
1 249
0 238 238
0 356 356
1 138
0 82 207
0 378 378
1 52
0 169 288
1 130
0 230 403
0 149 207
1 114
0 45 234
1 227
0 270 270
1 308
1 163
1 16
0 3 83
0 144 144
0 397 397
1 48
1 45
1 415
1 283
0 130 146
0 209 209
0 413 413
1 381
0 411 411
0 69 163
1 347
0 14 130
1 213
1 1
1 95
1 309
0 211 211
1 411
1 293
0 370 370
0 116 149
0 97 97
1 43
1 51
0 289 289
1 203
1 366
1 13
0 344 344
1 64
0 273 322
0 404 404
0 207 207
1 140
0 276 276
1 33
1 363
1 398
0 307 307
1 285
0 371 371
1 262
1 289
0 254 365
1 390
1 344
0 208 413
0 363 363
0 68 287
0 167 318
1 437
0 313 313
1 334
1 256
1 344
1 311
1 228
1 123
0 400 400
1 123
1 190
0 282 282
0 7 25
1 332
1 228
0 351 351
0 67 286
0 355 358
0 426 426
1 258
1 93
0 206 395
0 297 297
0 13 89
1 422
0 80 426
0 249 304
0 54 300
1 379
1 275
1 141
1 251
0 228 228
1 218
1 209
1 60
0 422 422
0 229 351
1 132
1 409
0 373 373
1 285
1 380
0 21 407
0 188 188
1 130
0 153 384
0 254 254
0 101 388
1 128
1 407
1 212
1 386
0 389 389
0 173 173
1 429
1 90
1 213
1 183
0 156 228
1 65
0 64 362
1 141
0 179 292
1 268
0 378 378
0 287 359
0 310 310
0 235 405
1 262
1 397
1 126
0 106 309
0 60 353
0 3 306
0 71 71
1 228
1 419
0 129 419
0 392 392
1 23
0 115 203
0 371 371
1 171
0 363 363
1 69
1 437
1 74
0 307 419
1 411
1 213
0 83 257
1 327
1 231
0 389 389
0 126 424
1 181
0 401 401
1 89
0 270 328
1 150
1 302
0 241 241
1 89
1 292
1 265
1 59
1 129
0 203 317
0 11 428
1 315
0 96 407
1 266
1 381
0 246 359
0 193 300
1 253
1 81
1 11
1 77
0 123 322
0 349 349
0 394 394
1 78
0 300 369
1 38
0 245 245
1 229
0 112 112
1 324
1 68
1 279
1 395
0 64 431
0 144 407
0 213 213
0 423 423
1 130
1 377
0 344 344
1 72
0 134 317
1 8
1 403
1 286
1 61
1 276
0 221 372
0 157 157
0 414 414
0 157 360
1 75
0 71 386
1 376
0 141 275
0 42 93
0 156 156
0 176 214
0 424 424
0 137 137
0 153 353
1 329
0 412 412
1 35
0 296 296
1 90
1 265
0 104 421
1 2
0 376 376
0 224 224
1 257
0 284 284
0 197 364
1 203
1 6
1 13
0 13 408
0 374 374
1 347
1 421
0 183 213
1 168
0 225 428
1 434
1 92
1 393
0 376 427
1 119
1 174
0 172 172
1 80
1 23
0 5 20
0 354 354
1 196
1 66
1 190
0 300 386
1 35
0 184 368
1 310
0 22 186
0 47 388
1 101
1 28
0 140 146
1 29
0 100 381
1 230
1 171
1 31
0 154 154
0 239 239
0 41 370
0 292 311
0 197 197
0 99 282
0 218 220
0 270 387
0 151 210
1 311
1 368
1 237
0 142 366
1 143
1 431
1 237
1 211
1 270
1 184
0 119 191
0 164 301
1 269
1 92
1 96
0 182 182
1 408
0 350 350
0 45 148
0 214 214
1 235
1 365
0 398 398
0 48 289
1 113
1 367
0 26 282
0 88 403
0 312 312
0 362 362
1 169
0 205 205
1 179
0 208 208
0 368 368
1 162
0 251 310
1 217
1 10
1 347
0 188 288
0 124 138
0 72 438
1 249
0 145 145
1 385
0 176 176
0 349 349
0 217 242
0 330 330
1 404
1 401
0 383 438
0 147 147
1 414
1 358
0 280 280
1 98
0 406 406
0 389 389
0 279 279
0 170 170
1 314
0 91 160
0 45 285
1 215
1 252
1 432
0 117 117
1 305
0 383 383
0 76 424
1 247
1 314
1 402
1 224
1 397
1 318
0 398 398
1 391
0 266 266
1 311
1 272
0 254 254
1 66
1 64
0 340 340
1 309
1 394
1 351
0 149 309
1 152
1 369
0 90 223
0 99 126
1 135
1 89
0 203 239
0 167 167
1 416
1 436
1 432
1 423
0 374 374
0 85 430
0 54 333
0 146 350
0 47 171
0 158 158
1 272
0 433 433
1 40
1 282
1 332
0 277 330
0 51 169
0 116 180
1 115
1 166
1 90
1 161
0 167 345
0 393 393
0 157 435
0 232 232
0 223 223
0 335 335
0 34 302
0 260 409
1 183
1 134
1 3
0 52 186
0 16 133
0 391 400
1 176
0 173 423
1 77
0 200 307
1 402
1 228
1 268
1 76
1 434
0 409 409
0 239 401
0 339 339
1 8
1 407
1 174
1 84
1 404
0 407 407
1 437
1 348
0 189 189
0 102 406
1 156
1 252
0 269 339
1 270
1 127
1 188
1 80
1 298
0 308 308
0 12 14
1 84
1 194
0 106 122
1 387
1 305
0 134 354
1 179
0 287 287
0 23 229
0 334 334
1 370
0 364 365
0 157 233
0 283 283
1 179
1 100
0 159 283
1 90
0 42 427
0 199 275
0 111 393
0 24 294
0 85 436
1 180
0 106 362
1 353
0 112 235
0 406 406
1 233
1 225
0 244 406
1 36
1 262
1 391
0 141 141
1 23
1 284
0 368 368
0 337 337
1 282
0 1 104
1 212
0 146 290
1 275
1 80
0 100 100
0 273 273
1 139
1 322
1 277
0 296 296
0 326 326
1 20
1 184
1 6
0 31 347
0 397 397
1 71
0 274 392
0 398 398
1 173
0 284 434
1 158
1 97
1 142
1 258
0 134 371
0 146 146
0 184 184
0 152 152
0 201 201
1 107
0 161 361
1 306
0 284 284
1 243
1 407
0 186 331
1 146
0 98 215
1 341
1 155
1 125
0 261 279
0 236 236
1 226
0 58 232
1 64
1 401
0 364 372
0 137 327
0 150 376
0 94 134
0 289 382
0 231 344
1 339
0 113 155
1 347
1 84
1 305
0 97 414
1 434
1 434
0 278 278
0 123 338
0 171 171
1 10
1 406
0 305 305
1 75
0 176 418
1 220
1 298
0 290 290
0 261 261
0 220 439
1 226
1 169
1 163
0 260 260
0 114 297
0 237 237
0 397 397
1 27
1 137
1 110
1 199
1 246
1 324
0 226 303
0 394 416
0 280 280
1 147
1 106
0 298 298
0 60 212
1 278
0 379 379
0 35 111
1 353
1 108
0 143 208
1 130
1 318
0 17 158
0 406 406
0 248 335
1 162
1 415
1 321
1 411
0 349 385
0 36 80
1 38
0 191 191
0 145 291
0 283 374
0 271 428
0 82 210
0 314 390
0 23 162
0 10 127
0 413 413
0 179 359
0 431 431
0 52 237
1 28
1 313
1 409
1 276
1 433
0 332 426
1 339
1 347
0 94 434
0 230 376
1 142
0 42 368
1 20
0 250 347
0 22 297
0 92 352
1 230
1 67
0 72 207
1 419
0 22 190
1 127
0 72 259
1 209
0 0 301
1 258
0 383 383
0 362 362
0 75 75
0 149 149
0 365 365
0 240 240
1 105
0 53 198
0 272 272
1 1
1 76
0 373 373
0 185 310
1 314
0 19 19
1 35
0 12 351
1 133
1 102
1 416
0 339 398
1 228
1 326
1 390
0 321 338
0 396 396
0 248 436
1 87
0 35 37
1 342
0 224 387
0 107 368
0 135 233
1 227
1 38
1 358
0 199 228
0 194 310
0 429 429
1 360
0 232 232
0 103 106
0 183 279
0 114 114
0 228 228
1 197
1 299
0 313 313
1 409
1 177
0 126 288
0 306 390
0 126 359
0 276 386
1 27
0 78 78
1 369
0 326 326
0 436 436
1 194
0 266 266
0 72 277
1 394
0 8 368
0 423 423
1 66
1 85
0 347 347
1 287
0 21 245
1 419
0 419 419
0 18 83
0 130 311
1 74
0 405 405
0 326 345
0 286 286
0 166 286
1 191
0 367 367
0 67 186
1 163
1 200
0 421 421
0 284 284
1 21
1 143
1 216
0 342 342
1 131
0 173 396
0 129 129
1 115
0 34 161
1 108
0 312 312
0 90 230
1 223
1 242
0 27 73
0 305 305
0 184 184
1 354
0 127 169
1 123
1 43
0 399 399
0 46 177
0 33 337
1 72
1 97
0 351 351
0 439 439
1 314
0 347 347
1 321
0 276 276
1 278
0 431 431
0 314 377
0 129 371
0 307 434
0 51 109
1 414
0 268 406
1 106
0 321 423
0 217 373
0 438 438
1 322
0 196 356
0 377 377
1 83
1 380
1 129
1 154
0 21 238
1 324
0 396 396
1 111
1 70
0 88 366
1 400
1 309
0 187 288
1 431
0 275 275
1 366
0 334 334
0 414 414
0 118 118
1 92
1 161
0 89 421
0 249 249
0 230 230
1 338
1 169
1 287
0 202 202
0 260 260
0 396 396
0 411 411
1 74
0 301 301
1 66
1 301
1 285
1 199
1 93
0 112 112
1 2
0 187 307
0 62 268
0 331 331
0 271 271
0 263 288
0 224 359
1 359
0 241 241
0 71 426
0 266 266
0 285 426
0 6 324
0 160 362
1 273
1 142
1 367
0 117 117
0 340 382
1 162
0 325 325
1 419
1 184
1 433
0 131 376
1 411
0 60 186
1 168
0 103 384
0 131 156
0 6 192
0 131 131
0 285 285
1 249
1 312
1 437
1 140
0 363 363
1 26
0 325 325
1 283
0 190 190
0 24 308
0 249 249
1 191
0 395 439
0 297 297
1 313
1 35
0 242 242
1 428
0 62 200
0 112 112
1 360
1 161
0 189 352
1 13
0 101 251
0 93 113
0 272 286
0 113 202
1 211
1 254
0 216 216
0 328 328
0 49 143
1 91
1 351
0 152 152
0 185 185
0 333 333
1 298
0 42 268
1 422
0 143 143
0 10 171
0 81 291
0 44 57
0 162 314
0 173 173
0 78 78
0 143 143
1 422
1 189
1 32
0 433 433
1 218
1 173
1 20
0 189 203
1 415
1 37
0 7 50
1 108
1 362
0 358 416
1 52
1 285
1 4
0 321 321
0 363 431
0 338 338
1 162
0 231 231
0 348 423
0 365 382
0 339 339
1 290
0 388 388
1 404
1 361
0 62 413
1 27
1 393
1 205
1 361
0 342 342
1 192
1 274
0 361 399
1 162
1 434
1 328
1 182
0 370 439
0 200 200
1 435
1 10
1 418
1 419
0 79 379
0 233 233
0 424 424
1 145
1 349
0 191 291
1 58
0 94 94
0 15 200
1 362
1 413
1 23
1 192
0 417 417
0 86 100
0 121 242
0 69 218
0 430 430
0 272 272
1 193
1 409
1 390
0 168 168
0 158 158
1 312
1 348
1 6
0 165 165
1 34
1 159
0 261 331
0 68 96
1 307
0 386 386
0 53 311
1 39
0 92 92
1 83
1 193
1 292
1 97
1 154
0 371 371
0 415 415
1 19
1 351
1 55
0 2 194
1 240
0 405 405
0 209 209
0 94 303
0 334 334
0 250 361
1 75
1 184
1 378
1 425
0 145 145
0 314 314
1 126
0 6 141
0 438 438
0 120 261
0 165 165
1 46
1 333
1 5
1 326
0 179 179
0 36 36
1 269
1 227
1 288
0 74 383
0 91 406
0 35 77
0 48 165
1 56
1 422
0 108 372
0 12 162
1 201
1 171
1 399
1 230
1 50
1 84
0 27 115
0 257 257
0 320 320
0 278 278
0 92 149
1 116
1 424
0 76 396
0 437 437
1 119
1 229
1 306
0 186 411
0 173 173
0 10 91
1 180
1 332
0 255 326
0 218 355
0 147 197
1 98
0 403 403
1 166
1 209
0 0 162
0 354 365
1 141
0 360 360
0 221 405
1 286
0 306 423
0 315 315
0 157 157
0 403 403
0 251 251
0 160 256
1 439
0 301 301
0 158 181
1 73
1 208
1 338
0 413 413
1 227
1 327
1 263
1 436
1 328
1 107
0 120 120
1 108
0 78 291
1 139
0 148 148
0 182 338
1 345
0 410 410
1 384
0 329 329
0 188 320
0 360 385
0 61 96
0 114 272
0 141 265
1 213
0 86 150
0 38 145
0 46 233
0 190 190
1 341
0 4 388
1 313
1 149
0 295 295
1 419
0 303 358
1 372
0 287 287
0 409 409
0 432 432
1 94
0 341 341
0 129 349
1 202
0 175 302
0 423 423
1 125
1 185
0 425 425
1 115
0 250 250
0 387 387
1 256
0 156 173
0 226 226
0 437 437
0 348 348
1 373
1 32
1 54
1 262
1 283
0 402 402
1 172
1 80
0 303 303
0 196 196
0 379 379
0 118 228
0 367 367
0 241 241
1 151
0 53 340
1 118
1 406
0 281 281
0 305 305
0 384 384
1 163
1 203
0 129 191
0 353 353
1 175
1 210
0 127 270
1 274
0 304 304
0 425 425
1 299
1 145
1 85
0 161 353
1 369
1 144
1 269
1 345
0 426 426
1 147
0 282 282
0 291 291
1 401
0 274 311
0 170 314
1 376
1 389
0 322 430
0 164 164
1 409
1 334
0 244 431
0 228 248
1 122
1 116
0 313 427
0 0 225
1 227
0 321 339
0 17 308
0 30 61
1 325
0 131 381
1 285
1 71
1 401
0 53 357
1 143
1 58
0 58 58
0 423 423
0 8 81
1 329
1 334
1 242
0 83 158
1 369
1 130